1,10,1,7
1,22,1,8
1,42,1,8
2,49,1,4
2,75,1,9
2,77,1,7
2,121,1,7
2,133,1,6
2,149,1,8
2,172,1,2
3,3,1,9
3,54,1,4
3,104,1,11
3,178,1,4
4,65,1,7
4,92,1,5
4,110,1,11
4,137,1,11
4,186,1,9
5,27,1,4
5,195,1,9
6,21,1,5
6,64,1,8
7,12,1,8
7,57,1,9
7,124,1,2
7,158,1,6
8,8,1,9
8,13,1,2
8,19,1,11
8,24,1,2
8,48,1,10
8,72,1,11
8,85,1,9
8,140,1,3
9,51,1,10
9,190,1,4
9,198,1,10
10,129,1,9
10,153,1,10
10,159,1,11
11,23,1,5
11,88,1,2
11,144,1,9
11,155,1,5
12,30,1,5
12,66,1,5
12,76,1,4
12,143,1,9
13,4,1,7
13,26,1,7
13,28,1,8
13,145,1,11
14,35,1,7
14,118,1,5
14,182,1,9
15,36,1,5
15,119,1,7
15,160,1,8
15,192,1,9
16,55,1,2
16,189,1,11
17,32,1,9
17,53,1,6
17,71,1,8
17,126,1,8
17,194,1,10
18,161,1,4
19,18,1,8
19,105,1,2
20,2,1,6
20,15,1,10
20,37,1,2
20,44,1,11
20,52,1,10
20,164,1,6
21,43,1,2
21,170,1,2
22,6,1,6
22,59,1,10
22,120,1,3
22,131,1,8
22,188,1,9
23,78,1,8
23,93,1,10
23,141,1,6
23,177,1,11
23,191,1,3
23,196,1,9
24,29,1,10
24,45,1,8
24,61,1,2
24,95,1,7
24,156,1,9
24,162,1,8
25,39,1,10
25,122,1,3
25,146,1,3
25,157,1,10
25,171,1,6
25,183,1,8
26,60,1,6
26,98,1,8
26,187,1,5
27,38,1,11
27,69,1,6
27,123,1,8
27,132,1,5
27,136,1,3
27,180,1,3
28,67,1,5
28,73,1,10
28,109,1,7
28,130,1,5
28,179,1,2
29,125,1,7
29,135,1,2
29,148,1,8
30,127,1,6
30,154,1,10
30,165,1,8
30,167,1,11
30,185,1,4
31,173,1,11
32,0,1,11
32,25,1,10
32,87,1,7
32,103,1,11
33,90,1,4
33,97,1,11
33,108,1,8
34,17,1,8
34,31,1,6
34,33,1,10
34,41,1,6
34,68,1,4
34,139,1,9
35,40,1,5
35,46,1,2
35,86,1,10
35,91,1,7
35,117,1,11
35,166,1,8
36,80,1,5
36,94,1,6
36,134,1,2
36,199,1,4
37,47,1,11
37,81,1,9
37,100,1,3
37,142,1,5
38,79,1,9
38,181,1,5
38,193,1,9
39,1,1,4
39,5,1,11
39,83,1,9
39,184,1,3
40,14,1,5
40,20,1,6
40,82,1,7
40,115,1,3
41,34,1,3
41,56,1,5
41,111,1,4
41,197,1,6
42,62,1,7
42,169,1,9
43,50,1,11
43,63,1,8
43,114,1,11
43,116,1,7
43,168,1,7
44,11,1,9
44,70,1,4
44,96,1,5
44,99,1,2
44,151,1,10
45,7,1,10
45,138,1,10
45,152,1,11
46,9,1,3
46,74,1,10
46,101,1,4
46,175,1,3
47,58,1,6
47,107,1,10
47,147,1,11
48,84,1,3
48,113,1,4
48,174,1,4
49,128,1,7
49,150,1,4
50,16,1,8
50,89,1,5
50,102,1,4
50,106,1,11
50,112,1,10
50,163,1,8
50,176,1,3
153,219,10,1
154,225,2,1
154,247,9,1
155,237,9,1
155,251,1,11
156,224,7,1
156,259,1,6
157,277,1,10
158,250,10,1
159,261,1,11
161,205,4,1
161,297,1,8
165,218,11,1
166,209,7,1
167,253,1,11
168,260,1,2
171,226,6,1
171,229,10,1
172,282,1,6
174,264,1,6
176,269,1,4
177,201,9,1
177,275,1,2
178,244,11,1
179,211,10,1
179,246,6,1
181,255,1,7
181,294,1,7
184,266,1,4
185,204,8,1
185,223,7,1
185,238,3,1
185,242,8,1
186,248,6,1
186,263,1,9
188,215,10,1
188,280,1,4
188,287,1,11
189,221,4,1
189,262,1,5
190,265,1,3
190,295,1,6
193,288,1,8
195,254,1,8
198,274,1,4
198,289,1,6
200,241,7,1
201,217,11,1
204,256,1,6
209,284,1,9
210,272,1,11
210,298,1,6
211,283,1,10
212,236,3,1
214,234,3,1
214,291,1,2
215,278,1,8
216,235,3,1
217,203,7,1
220,258,1,8
220,270,1,8
220,290,1,6
220,300,1,10
221,206,5,1
221,207,8,1
221,208,3,1
222,214,11,1
223,232,10,1
225,210,4,1
226,213,6,1
226,257,1,7
226,276,1,6
227,240,3,1
230,285,1,4
231,230,6,1
231,293,1,4
232,268,1,4
232,299,1,6
235,279,1,9
237,243,6,1
238,227,6,1
240,202,10,1
240,245,8,1
240,267,1,3
241,212,10,1
241,220,9,1
242,231,7,1
244,222,10,1
244,228,5,1
244,296,1,4
245,216,8,1
247,233,10,1
247,292,1,4
248,239,9,1
248,271,1,10
248,286,1,3
249,252,1,9
249,273,1,9
249,281,1,7
250,249,11,1
501,317,8,1
501,431,7,1
502,347,2,1
502,378,5,1
503,413,3,1
503,476,9,1
504,392,4,1
504,481,8,1
505,365,9,1
505,493,5,1
506,458,8,1
509,459,4,1
513,322,4,1
513,482,10,1
514,306,10,1
515,404,7,1
516,386,9,1
516,387,3,1
516,442,11,1
516,487,11,1
517,426,10,1
520,471,7,1
521,473,2,1
522,420,10,1
523,384,9,1
524,410,2,1
524,475,2,1
528,430,5,1
530,338,6,1
531,327,6,1
531,350,5,1
532,374,6,1
532,422,10,1
533,323,7,1
534,370,5,1
534,490,6,1
535,358,4,1
536,351,7,1
536,389,3,1
537,319,9,1
537,320,11,1
537,418,11,1
542,399,9,1
542,447,8,1
545,310,9,1
545,364,4,1
546,307,5,1
546,349,3,1
546,419,8,1
549,309,7,1
549,412,11,1
549,499,9,1
553,465,8,1
554,423,7,1
555,452,5,1
558,417,10,1
558,434,10,1
559,463,3,1
559,491,3,1
560,324,5,1
560,352,11,1
563,311,3,1
563,469,9,1
564,402,8,1
567,359,10,1
568,348,4,1
568,368,3,1
568,439,5,1
568,461,2,1
569,400,10,1
570,355,6,1
571,403,6,1
574,492,9,1
575,414,10,1
575,483,6,1
577,425,6,1
577,500,6,1
579,367,3,1
579,393,11,1
579,395,9,1
579,484,7,1
581,429,8,1
582,343,5,1
582,498,5,1
583,340,6,1
583,450,9,1
584,382,7,1
585,373,2,1
585,455,5,1
587,454,6,1
588,466,5,1
589,336,7,1
589,363,7,1
589,438,11,1
589,467,6,1
592,369,6,1
593,451,9,1
595,329,2,1
595,380,8,1
596,377,10,1
596,444,5,1
596,460,3,1
598,376,11,1
598,421,11,1
600,302,10,1
602,325,6,1
602,440,5,1
604,433,3,1
606,390,5,1
608,480,2,1
609,468,11,1
612,339,9,1
613,478,3,1
615,314,7,1
615,331,2,1
616,316,3,1
617,446,5,1
618,489,5,1
619,313,11,1
621,303,6,1
623,326,7,1
624,353,2,1
625,485,4,1
626,495,11,1
626,496,11,1
629,427,9,1
629,457,4,1
630,407,5,1
630,462,5,1
631,305,4,1
631,415,11,1
633,428,10,1
633,443,10,1
635,456,2,1
636,312,11,1
636,470,9,1
637,394,10,1
637,397,5,1
638,342,4,1
640,381,8,1
640,435,10,1
640,479,5,1
641,383,10,1
642,357,10,1
642,372,4,1
643,328,7,1
643,494,9,1
644,334,11,1
644,361,11,1
644,445,7,1
646,356,7,1
649,304,11,1
649,477,10,1
650,464,10,1
651,346,5,1
651,486,10,1
655,321,8,1
655,405,2,1
655,472,6,1
656,411,8,1
656,497,3,1
658,436,11,1
659,385,3,1
661,453,7,1
662,401,6,1
663,354,3,1
664,360,3,1
665,308,11,1
666,396,7,1
666,449,4,1
667,424,6,1
667,437,3,1
668,441,2,1
669,366,2,1
669,408,3,1
670,416,4,1
670,448,4,1
672,391,2,1
673,375,3,1
674,333,7,1
674,335,3,1
677,315,7,1
677,330,11,1
677,337,8,1
677,474,3,1
680,318,11,1
680,332,2,1
680,371,11,1
680,379,5,1
683,388,7,1
688,398,11,1
689,345,9,1
689,488,7,1
690,301,6,1
690,362,2,1
691,432,10,1
693,406,9,1
694,341,10,1
696,344,5,1
696,409,11,1
