2,444,7,1
6,197,7,9
7,107,2,9
22,529,9,11
26,307,1,11
27,681,1,10
33,231,7,3
39,383,2,8
40,167,5,6
48,50,4,11
54,192,6,5
77,523,5,7
82,270,5,2
85,222,3,11
93,389,10,11
94,243,10,1
101,63,1,4
103,686,8,2
108,692,10,5
111,646,10,11
112,353,4,8
131,271,8,4
151,633,5,6
154,610,2,4
156,236,8,6
159,543,3,2
180,23,11,5
183,328,11,5
192,273,10,9
200,668,3,7
212,177,1,4
217,105,2,3
218,60,4,8
230,188,1,2
252,284,9,7
252,616,5,9
259,357,6,10
266,10,11,9
273,484,3,9
274,143,3,1
276,472,3,4
277,304,9,3
292,76,5,10
294,558,8,1
308,405,11,10
308,456,5,1
324,7,11,6
337,258,7,10
341,685,9,1
351,379,8,9
355,312,5,11
363,100,9,2
366,683,11,10
382,553,6,4
383,521,9,7
388,593,4,6
392,552,9,8
394,155,10,1
397,295,8,2
399,450,2,11
403,98,6,8
403,349,5,2
406,259,4,11
423,588,1,7
426,513,11,1
453,576,5,3
457,611,1,6
471,669,11,8
480,605,8,4
481,147,5,6
484,161,11,1
485,128,10,8
487,18,4,7
489,254,11,6
504,184,2,5
549,129,10,6
557,171,3,4
557,247,8,1
562,74,2,11
563,321,7,6
567,163,9,8
569,656,8,2
583,408,7,8
584,475,9,6
586,145,7,2
590,180,11,8
593,335,2,4
611,518,5,7
619,438,3,8
622,152,8,5
635,506,3,6
636,391,11,1
640,499,1,6
682,252,3,5
690,628,1,7
692,636,2,7
695,676,9,6
718,14,8,4
723,327,8,7
732,684,3,1
735,320,11,9
746,149,4,3
756,476,4,7
757,623,1,9
772,268,6,3
779,277,4,7
780,575,8,11
783,557,2,5
787,352,9,4
789,607,11,4
803,11,9,4
825,121,8,5
825,364,2,6
826,342,7,9
827,283,1,8
827,358,5,2
831,601,10,9
832,299,1,3
846,251,6,11
847,502,3,2
858,199,5,9
860,40,3,1
863,663,7,11
869,464,8,6
872,595,9,7
877,640,2,5
881,419,10,9
897,141,9,4
916,505,6,3
921,526,4,2
923,534,11,9
927,539,3,8
930,31,2,3
934,127,1,2
948,691,8,6
951,27,8,5
980,223,2,8
1005,585,5,2
1013,584,11,8
1015,688,2,6
1021,538,9,1
1023,422,3,8
1034,250,8,4
1047,181,5,2
1060,318,9,1
1100,168,8,4
1103,551,10,7
1104,119,3,4
1113,6,5,6
1114,562,1,7
1115,334,6,9
1120,652,3,5
1127,86,9,11
1136,615,4,2
1140,338,3,5
1148,67,9,7
1187,301,6,1
1194,501,4,10
1205,608,5,8
1206,574,1,7
1210,148,8,7
1223,173,11,7
1225,441,9,10
1228,454,1,10
1235,95,6,11
1238,687,5,2
1239,179,4,6
1241,434,11,6
1251,198,6,9
1251,414,11,2
1278,394,5,4
1285,229,11,8
1286,176,3,10
1286,531,9,8
1287,285,6,3
1291,291,5,11
1291,331,4,5
1292,413,10,7
1297,55,9,10
1309,469,2,3
1310,61,9,6
1313,397,4,5
1320,565,7,9
1333,97,6,7
1335,242,5,6
1357,465,4,3
1367,423,7,6
1367,468,8,11
1375,195,10,11
1375,290,11,10
1382,546,6,8
1388,564,10,3
1392,316,2,5
1396,174,3,1
1400,572,5,4
1412,53,5,9
1419,25,1,4
1424,30,3,6
1430,630,9,7
1433,416,9,10
1438,208,6,10
1440,43,8,5
1444,182,1,3
1448,78,7,5
1451,232,5,1
1455,134,5,3
1461,319,6,10
1464,111,5,4
1475,8,3,5
1485,591,9,7
1497,68,2,9
1508,387,9,4
1512,589,8,2
1515,266,6,9
1539,276,2,11
1549,194,10,6
1555,362,7,4
1558,661,6,3
1568,567,3,9
1570,37,11,8
1576,112,5,8
1576,400,8,2
1587,482,8,6
1588,519,10,7
1589,339,7,6
1595,578,1,10
1608,65,7,10
1619,44,6,3
1620,559,8,6
1621,332,6,5
1624,124,2,4
1629,24,3,11
1641,84,4,2
1644,202,9,7
1648,458,9,5
1653,439,4,10
1663,281,9,3
1694,360,11,1
1702,166,9,8
1702,399,9,1
1707,359,6,5
1736,384,10,2
1743,487,9,7
1746,93,7,6
1746,314,1,2
1747,409,1,3
1749,77,9,5
1751,563,8,7
1773,330,8,7
1779,73,10,2
1782,122,5,2
1786,451,7,6
1811,479,5,9
1812,16,8,9
1837,344,5,11
1839,582,5,1
1846,206,10,2
1849,262,11,8
1863,402,10,8
1864,522,11,1
1866,594,7,8
1873,193,10,3
1874,345,9,11
1883,296,10,4
1885,365,4,8
1901,474,7,4
1904,157,11,4
1909,540,4,8
1917,310,7,9
1926,69,9,7
1926,292,1,6
1933,644,1,9
1943,548,3,8
1944,81,9,2
1945,550,2,1
1951,694,9,2
1967,146,4,5
1971,150,2,9
1971,376,6,5
1972,624,11,10
1990,453,6,3
1990,535,5,2
1995,89,10,2
1996,459,6,10
2003,169,5,11
2005,478,10,7
2005,657,10,7
2007,645,2,9
2008,555,7,9
2016,3,6,8
2016,140,4,2
2022,136,5,10
2024,410,3,5
2025,436,3,5
2027,29,10,4
2027,87,7,1
2029,375,2,10
2033,79,7,6
2035,346,10,5
2047,445,7,2
2059,213,7,11
2062,263,4,9
2066,5,8,5
2073,371,9,2
2082,66,9,5
2083,449,2,11
2092,587,11,2
2099,651,7,11
2111,351,11,7
2125,15,4,3
2127,600,8,6
2141,311,10,11
2161,108,11,6
2171,428,8,2
2173,12,1,10
2176,569,8,2
2186,547,2,4
2193,446,2,11
2198,278,10,9
2202,440,2,1
2206,429,9,10
2207,17,9,3
2212,220,9,2
2214,233,11,2
2215,120,11,7
2216,537,5,4
2223,367,10,6
2225,622,9,4
2243,325,6,2
2248,59,9,11
2261,230,7,10
2270,94,3,8
2275,137,9,3
2278,374,9,2
2279,452,4,6
2286,106,11,2
2298,114,2,11
2313,407,2,6
2315,165,5,10
2329,255,1,2
2335,606,5,10
2351,70,6,10
2351,381,11,6
2353,618,2,4
2359,207,5,10
2360,524,9,4
2363,219,8,11
2363,363,11,6
2393,693,1,8
2400,514,7,5
2405,590,1,9
2409,267,8,4
2410,674,7,3
2423,275,11,4
2426,355,4,1
2448,85,9,1
2454,660,6,10
2459,110,2,6
2461,282,1,8
2462,90,3,1
2468,329,6,11
2472,554,5,8
2475,678,10,9
2477,504,6,11
2492,238,7,3
2496,34,9,2
2497,369,1,7
2501,172,4,10
2508,396,2,7
2508,662,6,10
2519,366,3,7
2529,337,11,5
2533,28,4,8
2546,385,6,9
2555,234,9,11
2556,619,10,1
2559,48,6,3
2561,333,3,4
2564,191,10,2
2565,156,2,4
2589,205,1,6
2600,496,4,10
2617,667,11,5
2626,613,3,7
2635,412,3,9
2639,490,1,7
2641,71,3,2
2645,265,1,6
2649,471,7,5
2658,494,10,4
2659,158,1,11
2674,532,7,10
2680,189,6,11
2683,377,3,9
2691,80,10,9
2704,133,7,4
2715,56,1,6
2726,186,2,4
2729,682,4,11
2733,635,10,4
2734,655,4,6
2740,139,3,10
2752,317,11,7
2754,527,5,1
2756,240,4,7
2761,695,9,2
2770,287,2,10
2773,132,4,11
2775,583,9,6
2777,279,4,10
2781,536,10,1
2781,673,4,11
2787,393,7,6
2790,354,4,9
2797,264,6,8
2802,218,11,5
2812,597,11,10
2814,395,8,10
2822,64,6,8
2824,689,11,9
2828,185,1,4
2832,612,11,8
2841,75,9,4
2854,249,9,4
2859,568,5,3
2869,671,6,10
2878,556,9,5
2890,696,3,5
2898,170,7,8
2901,638,7,3
2912,39,11,3
2927,245,4,2
2935,241,7,3
2936,530,4,7
2938,33,10,11
2938,257,1,8
2938,392,1,11
2965,435,9,7
2970,492,8,9
2973,477,6,5
2976,654,6,10
2985,35,2,10
2989,425,1,9
3000,322,5,9
3004,368,11,4
3010,427,8,2
3017,154,11,1
3025,302,5,11
3025,483,6,3
3041,460,3,11
3045,286,5,3
3054,528,8,3
3056,424,3,8
3064,340,5,10
3075,293,3,11
3079,430,3,8
3079,625,3,6
3096,649,1,2
3100,533,7,10
3109,549,11,9
3130,26,8,2
3144,269,9,5
3145,561,11,2
3152,431,6,10
3155,560,9,11
3158,573,9,7
3159,512,8,3
3163,130,8,7
3173,571,7,1
3186,118,8,7
3192,62,6,2
3205,398,1,2
3226,131,8,10
3244,631,11,5
3263,433,8,1
3264,457,7,6
3268,217,10,7
3277,138,1,4
3278,664,7,9
3282,542,8,11
3315,343,4,3
3316,491,2,4
3332,517,9,11
3335,670,9,6
3344,488,8,7
3349,289,4,6
3352,421,7,11
3355,443,5,3
3365,481,1,4
3372,99,5,2
3377,116,3,4
3382,305,11,2
3387,303,11,10
3390,386,8,7
3404,228,1,11
3405,196,10,11
3416,183,6,10
3420,507,9,3
3430,82,5,10
3442,672,8,11
3458,665,6,9
3469,370,10,6
3476,637,5,6
3478,541,3,9
3488,101,1,11
3496,380,6,3
3506,20,5,11
3519,609,3,2
3540,178,2,3
3550,237,11,9
3572,634,4,9
3575,356,5,8
3576,280,1,10
3579,308,8,7
3585,49,9,4
3585,462,11,5
3586,639,4,1
3596,632,9,7
3601,58,11,7
3602,489,6,10
3604,36,1,8
3609,461,2,8
3630,347,2,7
3631,626,8,9
3639,142,1,6
3644,45,10,5
3662,227,7,2
3678,41,3,5
3686,151,7,10
3692,675,9,6
3694,437,2,6
3699,226,3,11
3702,486,11,1
3705,382,6,1
3710,432,10,9
3711,115,8,3
3712,579,7,9
3718,503,5,10
3722,294,1,6
3730,211,2,7
3733,210,9,11
3751,467,6,2
3752,46,11,6
3757,525,6,4
3792,22,11,6
3796,498,1,3
3812,677,3,9
3821,653,6,1
3825,19,10,11
3829,680,9,1
3832,418,1,7
3847,361,2,7
3856,92,1,10
3859,187,7,11
3867,545,4,9
3889,448,4,3
3906,326,11,5
3913,641,4,3
3928,204,6,3
3931,350,5,7
3936,455,2,11
3938,642,3,11
3942,378,8,4
3945,698,6,11
3950,200,7,11
3953,627,4,5
3956,88,6,8
3988,235,4,8
3990,96,2,11
3991,253,4,9
3996,617,5,1
3999,125,5,7
4012,493,1,2
4012,599,10,2
4013,215,3,9
4013,650,9,8
4025,103,10,3
4046,190,3,9
4046,666,10,9
4049,566,7,1
4074,480,3,4
4078,54,2,9
4099,411,8,7
4101,485,3,7
4110,113,3,8
4122,91,6,8
4130,123,3,11
4139,515,4,8
4145,288,3,5
4158,52,2,3
4181,4,6,5
4186,442,5,3
4196,621,9,7
4222,341,5,4
4230,508,5,8
4232,72,1,9
4243,153,4,5
4259,659,3,2
4260,447,6,9
4278,248,5,9
4293,598,4,6
4295,336,4,8
4304,580,7,8
4314,160,4,9
4319,313,6,8
4320,614,7,10
4336,42,9,10
4338,216,1,10
4351,463,11,10
4352,697,6,10
4353,38,6,7
4356,21,5,2
4356,256,1,6
4361,9,3,8
4362,57,11,6
4385,298,2,8
4385,679,6,4
4407,221,3,4
4410,690,3,5
4413,629,1,3
4422,406,6,5
4423,510,5,8
4436,0,3,9
4436,104,2,10
4447,212,7,5
4450,2,1,4
4452,390,8,3
4464,162,1,9
4483,511,5,11
4497,373,9,11
4497,417,6,11
4521,126,3,6
4522,372,10,1
4527,592,6,1
4546,309,6,1
4547,51,3,1
4562,144,9,3
4565,135,2,11
4566,261,7,3
4577,246,3,4
4581,401,2,10
4609,274,1,3
4612,272,3,1
4617,83,6,7
4625,102,5,4
4629,699,1,10
4656,647,1,7
4671,348,11,10
4674,658,5,4
4678,260,7,6
4691,306,1,6
4702,520,6,5
4734,201,6,11
4734,297,9,4
4734,403,11,3
4735,47,3,10
4748,13,11,1
4748,586,10,4
4748,596,10,1
4751,577,4,9
4752,323,6,7
4756,117,9,4
4757,300,7,1
4763,495,8,1
4764,604,8,4
4768,500,1,2
4770,581,7,2
4774,648,9,3
4777,32,1,2
4781,643,10,1
4785,203,1,10
4793,109,3,10
4793,602,9,11
4800,544,11,10
4816,175,7,1
4816,225,1,10
4820,570,4,7
4824,244,7,1
4854,420,3,9
4862,404,2,3
4863,324,4,6
4881,239,4,5
4884,509,11,1
4899,470,10,7
4902,473,7,2
4909,214,9,8
4909,388,1,9
4931,164,10,6
4936,315,3,10
4939,466,7,11
4941,516,5,2
4942,1,3,1
4950,620,3,6
4952,426,4,11
4962,415,4,2
4971,159,8,6
4983,209,6,10
4988,497,1,8
4991,224,6,7
4999,603,3,2
